aave:192
origin_redeem_base:1074822654207967887
origin_redeem_mainnet:1137637273336749642
usdai_mint_ratio:9950
usdai_buffer:3205537.186955452
usdai_governance_last_block:414693924
usdai_safe_last_block:417205509
usdai_loans_share:0.5275771664267868
usdai_verified_principal:3323086.0388873247